7019977468068
7019977468075
7019977468082
7019977468099
7019977468105
7019977468112
7019977468129
7019977468136
7019977468143
7019977468150
7019977468167
7019977468174
7019977468181
7019977468198
7019977468204
7019977468211
7019977468228
7019977468235
7019977468242
7019977468259
7019977468266
7019977468273
7019977468280
7019977468297
7019977468303
7019977468310
7019977468327
7019977468334
7019977468341
7019977468358
7019977468365
7019977468372
7019977468389
7019977468396
7019977468402
7019977468419
7019977468426
7019977468433
7019977468440
7019977468457
7019977468464
7019977468471
7019977468488
7019977468495
7019977468501
7019977468518
7019977468525
7019977468532
7019977468549
7019977468556
7019977468563
7019977468570
7019977468587
7019977468594
7019977468600
7019977468617
7019977468624
7019977468631
7019977468648
7019977468655
7019977468662
7019977468679
7019977468686
7019977468693
7019977468709
7019977468716
7019977468723
7019977468730
7019977468747
7019977468754
7019977468761
7019977468778
7019977468785
7019977468792
7019977468808
7019977468815
7019977468822
7019977468839
7019977468846
7019977468853
7019977468860
7019977468877
7019977468884
7019977468891
7019977468907
7019977468914
7019977468921
7019977468938
7019977468945
7019977468952
7019977468969
7019977468976
7019977468983
7019977468990
7019977469003
7019977469010
7019977469027
7019977469034
7019977469041
7019977469058
7019977469065
7019977469072
7019977469089
7019977469096
7019977469102
7019977469119
7019977469126
7019977469133
7019977469140
7019977469157
7019977469164
7019977469171
7019977469188
7019977469195
7019977469201
7019977469218
7019977469225
7019977469232
7019977469249
7019977469256
7019977469263
7019977469270
7019977469287
7019977469294
7019977469300
7019977469317
7019977469324
7019977469331
7019977469348
7019977469355
7019977469362
7019977469379
7019977469386
7019977469393
7019977469409
7019977469416
7019977469423
7019977469430
7019977469447
7019977469454
7019977469461
7019977469478
7019977469485
7019977469492
7019977469508
7019977469515
7019977469522
7019977469539
7019977469546
7019977469553
7019977469560
7019977469577
7019977469584
7019977469591
7019977469607
7019977469614
7019977469621
7019977469638
7019977469645
7019977469652
7019977469669
7019977469676
7019977469683
7019977469690
7019977469706
7019977469713
7019977469720
7019977469737
7019977469744
7019977469751
7019977469768
7019977469775
7019977469782
7019977469799
7019977469805
7019977469812
7019977469829
7019977469836
7019977469843
7019977469850
7019977469867
7019977469874
7019977469881
7019977469898
7019977469904
7019977469911
7019977469928
7019977469935
7019977469942
7019977469959
7019977469966
7019977469973
7019977469980
7019977469997
7019977470009
7019977470016
7019977470023
7019977470030
7019977470047
7019977470054
7019977470061
7019977470078
7019977470085
7019977470092
7019977470108
7019977470115
7019977470122
7019977470139
7019977470146
7019977470153
7019977470160
7019977470177
7019977470184
7019977470191
7019977470207
7019977470214
7019977470221
7019977470238
7019977470245
7019977470252
7019977470269
7019977470276
7019977470283
7019977470290
7019977470306
7019977470313
7019977470320
7019977470337
7019977470344
7019977470351
7019977470368
7019977470375
7019977470382
7019977470399
7019977470405
7019977470412
7019977470429
7019977470436
7019977470443
7019977470450
7019977470467
7019977470474
7019977470481
7019977470498
7019977470504
7019977470511
7019977470528
7019977470535
7019977470542
7019977470559
7019977470566
7019977470573
7019977470580
7019977470597
7019977470603
7019977470610
7019977470627
7019977470634
7019977470641
7019977470658
7019977470665
7019977470672
7019977470689
7019977470696
7019977470702
7019977470719
7019977470726
7019977470733
7019977470740
7019977470757
7019977470764
7019977470771
7019977470788
7019977470795
7019977470801
7019977470818
7019977470825
7019977470832
7019977470849
7019977470856
7019977470863
7019977470870
7019977470887
7019977470894
7019977470900
7019977470917
7019977470924
7019977470931
7019977470948
7019977470955
7019977470962
7019977470979
7019977470986
7019977470993
7019977471006
7019977471013
7019977471020
7019977471037
7019977471044
7019977471051
7019977471068
7019977471075
7019977471082
7019977471099
7019977471105
7019977471112
7019977471129
7019977471136
7019977471143
7019977471150
7019977471167
7019977471174
7019977471181
7019977471198
7019977471204
7019977471211
7019977471228
7019977471235
7019977471242
7019977471259
7019977471266
7019977471273
7019977471280
7019977471297
7019977471303
7019977471310
7019977471327
7019977471334
7019977471341
7019977471358
7019977471365
7019977471372
7019977471389
7019977471396
7019977471402
7019977471419
7019977471426
7019977471433
7019977471440
7019977471457
7019977471464
7019977471471
7019977471488
7019977471495
7019977471501
7019977471518
7019977471525
7019977471532
7019977471549
7019977471556
7019977471563
7019977471570
7019977471587
7019977471594
7019977471600
7019977471617
7019977471624
7019977471631
7019977471648
7019977471655
7019977471662
7019977471679
7019977471686
7019977471693
7019977471709
7019977471716
7019977471723
7019977471730
7019977471747
7019977471754
7019977471761
7019977471778
7019977471785
7019977471792
7019977471808
7019977471815
7019977471822
7019977471839
7019977471846
7019977471853
7019977471860
7019977471877
7019977471884
7019977471891
7019977471907
7019977471914
7019977471921
7019977471938
7019977471945
7019977471952
7019977471969
7019977471976
7019977471983
7019977471990
7019977472003
7019977472010
7019977472027
7019977472034
7019977472041
7019977472058
7019977472065
7019977472072
7019977472089
7019977472096
7019977472102
7019977472119
7019977472126
7019977472133
7019977472140
7019977472157
7019977472164
7019977472171
7019977472188
7019977472195
7019977472201
7019977472218
7019977472225
7019977472232
7019977472249
7019977472256
7019977472263
7019977472270
7019977472287
7019977472294
7019977472300
7019977472317
7019977472324
7019977472331
7019977472348
7019977472355
7019977472362
7019977472379
7019977472386
7019977472393
7019977472409
7019977472416
7019977472423
7019977472430
7019977472447
7019977472454
7019977472461
7019977472478
7019977472485
7019977472492
7019977472508
7019977472515
7019977472522
7019977472539
7019977472546
7019977472553
7019977472560
7019977472577
7019977472584
7019977472591
7019977472607
7019977472614
7019977472621
7019977472638
7019977472645
7019977472652
7019977472669
7019977472676
7019977472683
7019977472690
7019977472706
7019977472713
7019977472720
7019977472737
7019977472744
7019977472751
7019977472768
7019977472775
7019977472782
7019977472799
7019977472805
7019977472812
7019977472829
7019977472836
7019977472843
7019977472850
7019977472867
7019977472874
7019977472881
7019977472898
7019977472904
7019977472911
7019977472928
7019977472935
7019977472942
7019977472959
7019977472966
7019977472973
7019977472980
7019977472997
7019977473000
7019977473017
7019977473024
7019977473031
7019977473048
7019977473055
7019977473062
7019977473079
7019977473086
7019977473093
7019977473109
7019977473116
7019977473123
7019977473130
7019977473147
7019977473154
7019977473161
7019977473178
7019977473185
7019977473192
7019977473208
7019977473215
7019977473222
7019977473239
7019977473246
7019977473253
7019977473260
7019977473277
7019977473284
7019977473291
7019977473307
7019977473314
7019977473321
7019977473338
7019977473345
7019977473352
7019977473369
7019977473376
7019977473383
7019977473390
7019977473406
7019977473413
7019977473420
7019977473437
7019977473444
7019977473451
7019977473468
7019977473475
7019977473482
7019977473499
7019977473505
7019977473512
7019977473529
7019977473536
7019977473543
7019977473550
7019977473567
7019977473574
7019977473581
7019977473598
7019977473604
7019977473611
7019977473628
7019977473635
7019977473642
7019977473659
7019977473666
7019977473673
7019977473680
7019977473697
7019977473703
7019977473710
7019977473727
7019977473734
7019977473741
7019977473758
7019977473765
7019977473772
7019977473789
7019977473796
7019977473826
7019977473819
7019977473826
7019977473833
7019977473840
7019977473857
7019977473864
7019977473871
7019977473888
7019977473895
7019977473901
7019977473918
7019977473925
7019977473932
7019977473949
7019977473956
7019977473963
7019977473970
7019977473987
7019977473994
7019977474007
7019977474014
7019977474021
7019977474038
7019977474045
7019977474052
7019977474069
7019977474076
7019977474083
7019977474090
7019977474106
7019977474113
7019977474120
7019977474137
7019977474144
7019977474151
7019977474168
7019977474175
7019977474182
7019977474199
7019977474205
7019977474212
7019977474229
7019977474236
7019977474243
7019977474250
7019977474267
7019977474274
7019977474281
7019977474298
7019977474304
7019977474311
7019977474328
7019977474335
7019977474342
7019977474359
7019977474366
7019977474373
7019977474380
7019977474397
7019977474403
7019977474410
7019977474427
7019977474434
7019977474441
7019977474458
7019977474465
7019977474472
7019977474489
7019977474496
7019977474502
7019977474519
7019977474526
7019977474533
7019977474540
7019977474557
7019977474564
7019977474571
7019977474588
7019977474595
7019977474601
7019977474618
7019977474625
7019977474632
7019977474649
7019977474656
7019977474663
7019977474670
7019977474687
7019977474694
7019977474700
7019977474717
7019977474724
7019977474731
7019977474748
7019977474755
7019977474762
7019977474779
7019977474786
7019977474793
7019977474809
7019977474816
7019977474823
7019977474830
7019977474847
7019977474854
7019977474861
7019977474878
7019977474885
7019977474892
7019977474908
7019977474915
7019977474922
7019977474939
7019977474946
7019977474953
7019977474960
7019977474977
7019977474984
7019977474991
7019977475004
7019977475011
7019977475028
7019977475035
7019977475042
7019977475059
7019977475066
7019977475073
7019977475080
7019977475097
7019977475103
7019977475110
7019977475127
7019977475134
7019977475141
7019977475158
7019977475165
7019977475172
7019977475189
7019977475196
7019977475202
7019977475219
7019977475226
7019977475233
7019977475240
7019977475257
7019977475264
7019977475271
7019977475288
7019977475295
7019977475301
7019977475318
7019977475325
7019977475332
7019977475349
7019977475356
7019977475363
7019977475370
7019977475387
7019977475394
7019977475400
7019977475417
7019977475424
7019977475431
7019977475448
7019977475455
7019977475462
7019977475479
7019977475486
7019977475493
7019977475509
7019977475516
7019977475523
7019977475530
7019977475547
7019977475554
7019977475561
7019977475578
7019977475585
7019977475592
7019977475608
7019977475615
7019977475622
7019977475639
7019977475646
7019977475653
7019977475660
7019977475677
7019977475684
7019977475691
7019977475707
7019977475714
7019977475721
7019977475738
7019977475745
7019977475752
7019977475769
7019977475776
7019977475783
7019977475790
7019977475806
7019977475813
7019977475820
7019977475837
7019977475844
7019977475851
7019977475868
7019977475875
7019977475882
7019977475899
7019977475905
7019977475912
7019977475929
7019977475936
7019977475943
7019977475950
7019977475967
7019977475974
7019977475981
7019977475998
7019977476001
7019977476018
7019977476025
7019977476032
7019977476049
7019977476056
7019977476063
7019977476070
7019977476087
7019977476094
7019977476100
7019977476117
7019977476124
7019977476131
7019977476148
7019977476155
7019977476162
7019977476179
7019977476186
7019977476193
7019977476209
7019977476216
7019977476223
7019977476230
7019977476247
7019977476254
7019977476261
7019977476278
7019977476285
7019977476292
7019977476308
7019977476315
7019977476322
7019977476339
7019977476346
7019977476353
7019977476360
7019977476377
7019977476384
7019977476391
7019977476407
7019977476414
7019977476421
7019977476438
7019977476445
7019977476452
7019977476469
7019977476476
7019977476483
7019977476490
7019977476506
7019977476513
7019977476520
7019977476537
7019977476544
7019977476551
7019977476568
7019977476575
7019977476582
7019977476599
7019977476605
7019977476612
7019977476629
7019977476636
7019977476643
7019977476650
7019977476667
7019977476674
7019977476681
7019977476698
7019977476704
7019977476711
7019977476728
7019977476735
7019977476742
7019977476759
7019977476766
7019977476773
7019977476780
7019977476797
7019977476803
7019977476810
7019977476827
7019977476834
7019977476841
7019977476858
7019977476865
7019977476872
7019977476889
7019977476896
7019977476902
7019977476919
7019977476926
7019977476933
7019977476940
7019977476957
7019977476964
7019977476971
7019977476988
7019977476995
7019977477008
7019977477015
7019977477022
7019977477039
7019977477046
7019977477053
7019977477060
7019977477077
7019977477084
7019977477091
7019977477107
7019977477114
7019977477121
7019977477138
7019977477145
7019977477152
7019977477169
7019977477176
7019977477183
7019977477190
7019977477206
7019977477213
7019977477220
7019977477237
7019977477244
7019977477251
7019977477268
7019977477275
7019977477282
7019977477299
7019977477305
7019977477312
7019977477329
7019977477336
7019977477343
7019977477350
7019977477367
7019977477374
7019977477381
7019977477398
7019977477404
7019977477411
7019977477428
7019977477435
7019977477442
7019977477459
7019977477466
7019977477473
7019977477480
7019977477497
7019977477503
7019977477510
7019977477527
7019977477534
7019977477541
7019977477558
7019977477565
7019977477572
7019977477589
7019977477596
7019977477602
7019977477619
7019977477626
7019977477633
7019977477640
7019977477657
7019977477664
7019977477671
7019977477688
7019977477695
7019977477701
7019977477718
7019977477725
7019977477732
7019977477749
7019977477756
7019977477763
7019977477770
7019977477787
7019977477794
7019977477800
7019977477817
7019977477824
7019977477831
7019977477848
7019977477855
7019977477862
7019977477879
7019977477886
7019977477893
7019977477909
7019977477916
7019977477923
7019977477930
7019977477947
7019977477954
7019977477961
7019977477978
7019977477985
7019977477992
7019977478005
7019977478012
7019977478269
7019977478036
7019977478043
7019977478050
7019977478067
7019977478074
7019977478081
7019977478098
7019977478104
7019977478111
7019977478128
7019977478135
7019977478142
7019977478159
7019977478166
7019977478173
7019977478180
7019977478197
7019977478203
7019977478210
7019977478227
7019977478234
7019977478241
7019977478258
7019977478265
7019977478272
7019977478289
7019977478296
7019977478302
7019977478319
7019977478326
7019977478333
7019977478340
7019977478357
7019977478364
7019977478371
7019977478388
7019977478395
7019977478401
7019977478418
7019977478425
7019977478432
7019977478449
7019977478456
7019977478463
7019977478470
7019977478487
7019977478494
7019977478500
7019977478517
7019977478524
7019977478531
7019977478548
7019977478555
7019977478562
7019977478579
7019977478586
7019977478593
7019977478609
7019977478616
7019977478623
7019977478630
7019977478647
7019977478654
7019977478661
7019977478678
7019977478685
7019977478692
7019977478708
7019977478715
7019977478722
7019977478739
7019977478746
7019977478753
7019977478760
7019977478777
7019977478784
7019977478791
7019977478807
7019977478814
7019977478821
7019977478838
7019977478845
7019977478852
7019977478869
7019977478876
7019977478883
7019977478890
7019977478906
7019977478913
7019977478920
7019977478937
7019977478944
7019977478951
7019977478968
7019977478975
7019977478982
7019977478999
7019977479002
7019977479019
7019977479026
7019977479033
7019977479040
7019977479057
7019977479064
7019977479071
7019977479088
7019977479095
7019977479101
7019977479118
7019977479125
7019977479132
7019977479149
7019977479156
7019977479163
7019977479170
7019977479187
7019977479194
7019977479200
7019977479217
7019977479224
7019977479231
7019977479248
7019977479255
7019977479262
7019977479279
7019977479286
7019977479293
7019977479309
7019977479316
7019977479323
7019977479330
7019977479347
7019977479354
7019977479361
7019977479378
7019977479385
7019977479392
7019977479408